1	2
1	3
1	4
1	5
1	6
1	7
1	8
1	9
1	10
1	11
1	12
1	13
1	14
1	15
1	16
1	17
1	18
1	19
1	20
1	21
1	22
1	23
1	24
1	25
1	26
1	27
28	29
28	30
28	31
32	33
32	34
32	35
32	36
32	37
38	39
38	40
38	41
38	42
38	43
38	44
38	45
38	46
38	47
38	48
38	49
50	51
50	52
50	7
50	8
50	53
54	55
54	56
54	57
58	59
58	60
58	61
58	62
58	63
64	65
64	66
64	67
64	68
64	69
64	70
64	71
64	72
73	74
73	75
73	76
73	77
73	78
73	79
73	80
73	81
73	82
73	83
73	84
73	85
59	58
86	87
86	88
86	89
86	90
86	91
86	92
86	93
86	94
86	95
86	96
86	97
86	98
86	99
86	100
86	101
86	102
86	103
86	104
86	105
86	106
86	107
86	108
86	109
86	110
86	111
86	112
86	113
86	114
86	115
86	116
86	117
86	118
86	119
86	120
86	121
86	122
86	123
86	124
86	125
86	126
86	127
86	128
86	129
86	130
86	131
86	132
86	133
86	134
86	135
86	136
86	137
86	138
86	139
86	140
86	141
86	142
86	143
86	144
86	145
86	146
86	147
86	148
86	149
86	150
86	151
86	152
86	153
86	154
86	155
86	156
86	157
86	158
86	159
86	160
161	162
161	163
161	33
161	164
161	165
161	166
161	167
161	168
161	169
161	170
161	171
161	172
161	173
161	174
161	175
161	176
161	177
161	9
161	178
161	179
161	180
161	181
161	182
161	183
161	184
161	185
161	186
161	187
161	188
161	37
161	189
161	21
161	190
161	191
161	192
161	193
161	194
161	195
161	196
161	197
161	198
161	199
161	200
161	201
161	202
161	203
161	204
161	205
161	206
161	207
208	209
208	210
208	211
208	212
208	213
208	214
208	215
208	216
208	217
208	218
219	220
219	221
219	222
219	223
219	224
219	225
219	226
219	227
219	228
219	229
219	230
219	231
232	233
232	234
232	235
232	236
232	237
232	238
232	239
232	240
232	241
232	242
232	243
232	244
232	245
232	246
232	247
232	248
232	249
232	250
232	251
232	252
232	253
232	254
232	255
232	256
232	257
232	258
232	259
232	260
232	261
232	262
232	263
232	264
232	265
232	266
232	267
232	268
232	269
232	270
232	271
232	272
232	273
232	274
232	275
232	276
232	277
232	278
232	23
232	279
232	280
232	281
282	283
282	284
282	285
282	286
282	287
282	288
282	289
282	290
282	291
162	161
162	292
162	293
162	294
162	295
162	296
162	297
162	298
162	299
162	300
162	301
162	302
303	304
303	305
303	306
303	307
303	308
303	309
303	310
303	311
303	312
303	313
303	314
303	315
303	316
303	317
303	318
303	319
303	320
303	321
303	322
303	323
303	324
303	325
303	326
303	327
303	328
303	329
303	330
303	331
303	332
303	333
303	334
303	335
303	336
303	337
303	338
303	339
303	340
303	341
303	342
303	343
303	344
303	345
303	346
303	347
303	348
303	349
303	350
303	351
303	352
303	353
303	354
303	355
356	357
356	358
356	359
356	360
356	361
356	362
356	363
356	364
356	365
356	366
356	367
356	368
356	369
356	370
356	371
356	372
373	87
373	374
373	375
373	376
373	377
373	378
373	379
373	380
373	381
373	382
373	383
373	384
373	385
373	386
373	387
373	388
373	389
373	390
373	391
373	392
373	393
373	394
373	395
373	396
373	397
373	398
373	399
373	400
373	401
373	402
373	403
373	404
373	405
373	406
373	407
373	408
373	409
373	410
373	411
373	412
373	413
373	414
373	415
373	416
373	417
373	418
373	419
373	420
373	421
373	422
373	423
373	424
373	425
87	86
87	373
87	89
87	426
87	96
87	427
87	428
87	102
87	106
87	429
87	109
87	110
87	111
87	113
87	430
87	116
87	117
87	118
87	15
87	120
87	121
87	122
87	126
87	431
87	129
87	131
87	432
87	132
87	433
87	434
87	435
87	436
87	137
87	437
87	438
87	439
87	148
87	149
87	440
87	441
87	151
87	153
87	154
87	442
87	443
87	160
444	445
444	446
444	238
444	447
444	448
444	449
444	450
444	451
444	452
453	454
453	455
453	456
453	457
453	458
453	459
453	460
453	461
453	462
453	463
453	464
453	23
453	465
453	466
453	467
453	468
453	469
453	470
453	471
453	472
453	473
453	474
475	476
475	477
475	478
475	479
475	480
475	481
475	482
475	483
475	484
475	485
475	486
475	487
475	488
475	489
475	490
475	491
475	492
475	493
475	494
475	495
475	496
475	497
475	498
475	499
475	500
475	501
475	502
475	503
475	504
475	505
475	506
475	507
475	508
88	86
88	509
88	510
88	511
88	512
88	513
88	514
88	515
88	516
88	486
88	100
88	517
88	518
88	519
88	520
88	521
88	522
88	523
88	524
88	525
88	526
88	527
88	528
88	529
88	530
88	531
88	532
88	110
88	111
88	533
88	534
88	500
88	535
88	536
88	537
88	538
88	539
88	540
88	541
88	432
88	542
88	543
88	544
88	545
88	546
88	547
88	443
88	548
549	550
549	551
549	552
549	553
549	554
555	556
555	557
555	558
60	58
60	559
60	245
60	560
60	561
60	562
60	563
60	564
60	565
60	566
60	567
60	568
60	569
89	86
89	87
89	570
89	571
89	509
89	90
89	513
89	91
89	92
89	572
89	573
89	96
89	427
89	574
89	101
89	518
89	102
89	519
89	103
89	105
89	106
89	521
89	523
89	575
89	576
89	577
89	578
89	108
89	429
89	109
89	110
89	579
89	111
89	113
89	114
89	115
89	116
89	117
89	580
89	118
89	533
89	120
89	581
89	582
89	121
89	122
89	583
89	584
89	585
89	586
89	125
89	126
89	587
89	588
89	589
89	431
89	128
89	590
89	129
89	591
89	131
89	132
89	592
89	593
89	594
89	133
89	433
89	542
89	434
89	435
89	595
89	596
89	137
89	597
89	598
89	599
89	600
89	601
89	602
89	603
89	604
89	605
89	606
89	607
89	439
89	452
89	146
89	147
89	148
89	149
89	150
89	608
89	440
89	441
89	609
89	547
89	151
89	610
89	611
89	153
89	612
89	154
89	613
89	614
89	443
89	160
89	615
570	89
570	616
570	96
570	617
570	106
570	618
570	111
570	117
570	118
570	120
570	619
570	620
570	621
570	622
570	623
570	624
570	149
570	151
570	625
570	626
304	303
304	309
304	331
304	336
304	338
304	627
304	628
304	629
304	346
304	630
631	632
631	165
631	633
631	634
631	635
631	636
631	637
631	638
631	639
631	640
631	9
631	178
631	641
631	642
631	643
631	644
631	645
631	646
631	647
631	648
631	649
631	650
631	651
631	652
631	653
631	654
631	655
631	656
657	658
657	659
657	660
657	661
657	662
657	242
657	663
657	664
657	243
657	665
657	666
657	667
657	668
657	669
657	670
657	671
657	457
657	261
657	672
657	673
657	674
657	675
657	676
657	677
61	58
61	658
61	678
61	679
61	680
61	681
61	682
61	683
61	684
61	685
61	686
61	261
61	687
61	688
61	689
61	690
61	691
61	692
61	693
61	694
61	695
61	696
61	697
61	698
61	699
61	700
61	701
61	702
61	703
61	704
61	705
61	706
61	26
61	707
61	708
61	709
61	710
711	712
711	713
711	714
711	715
711	716
711	717
711	718
711	719
711	720
711	721
711	722
711	723
711	275
711	724
711	725
711	726
711	727
711	69
711	728
711	729
711	297
711	730
711	731
732	733
732	734
732	735
732	736
732	737
658	657
658	61
658	659
658	738
658	739
658	661
658	740
658	662
658	242
658	243
658	665
658	666
658	668
658	669
658	670
658	741
658	742
658	457
658	639
658	261
658	672
658	673
658	743
658	674
658	744
658	745
658	746
658	747
658	677
748	749
748	750
748	751
748	752
748	753
748	754
748	755
748	756
748	757
758	759
758	309
758	760
758	761
758	762
758	763
758	764
758	765
758	766
758	767
758	768
758	566
758	769
758	770
758	771
571	89
571	90
571	91
571	92
571	515
571	772
571	171
571	773
571	774
571	775
571	776
571	777
571	95
571	96
571	639
571	778
571	779
571	780
571	574
571	9
571	178
571	781
571	101
571	519
571	103
571	782
571	105
571	521
571	577
571	783
571	784
571	785
571	578
571	108
571	786
571	111
571	787
571	123
571	583
571	536
571	788
571	125
571	789
571	790
571	128
571	791
571	792
571	432
571	793
571	794
571	542
571	190
571	595
571	596
571	795
571	599
571	796
571	797
571	603
571	798
571	799
571	800
571	801
571	439
571	150
571	608
571	802
571	803
571	152
571	610
571	804
571	407
571	408
571	412
571	154
571	417
571	805
571	806
571	807
571	808
571	809
571	810
571	811
812	445
812	813
812	814
812	687
812	815
812	816
812	432
812	817
812	818
812	819
812	820
812	821
812	822
812	823
812	824
812	825
812	826
812	827
812	828
812	829
812	830
812	831
812	832
812	833
812	834
812	835
559	445
559	60
559	836
559	697
559	837
559	838
559	839
559	840
559	841
559	842
559	843
559	703
559	844
559	563
559	756
559	564
559	565
559	845
559	846
559	847
559	848
559	849
850	9
850	851
850	852
850	853
850	736
850	854
855	856
855	857
858	859
858	860
858	861
858	862
858	863
858	212
858	260
858	864
858	865
858	866
858	867
858	294
858	868
858	869
858	870
858	871
858	872
858	873
858	874
858	875
858	876
858	877
858	878
858	879
858	880
858	881
858	882
858	883
858	884
858	885
858	886
858	213
858	887
858	888
858	889
858	890
858	891
858	892
858	893
858	894
858	895
858	896
858	897
858	898
858	899
858	900
858	901
858	902
858	214
858	903
858	904
858	905
858	906
858	907
858	908
858	909
858	910
858	911
858	912
858	913
858	914
858	915
858	916
858	917
858	918
858	919
858	920
858	278
858	921
858	922
858	923
858	924
858	925
858	926
858	927
858	928
858	929
858	930
858	931
858	932
858	933
858	934
858	935
858	936
858	937
858	938
858	939
858	940
858	941
858	942
858	943
858	944
858	945
858	946
858	947
858	948
858	949
209	208
209	210
209	950
209	211
209	212
209	951
209	952
209	953
209	954
209	955
209	838
209	956
209	957
209	771
958	171
958	516
958	959
958	960
958	961
958	962
958	963
958	529
958	964
958	965
958	966
958	536
958	967
958	804
968	969
968	970
968	971
968	972
968	973
968	974
968	975
968	976
968	851
968	977
968	978
968	979
968	299
968	980
968	981
968	736
968	982
968	983
968	984
968	985
968	986
968	987
968	988
968	989
990	991
990	992
990	993
990	994
990	995
990	984
990	996
990	997
998	680
998	999
998	1000
998	467
969	968
969	971
969	972
969	974
969	851
969	734
969	977
969	111
969	736
749	757
659	657
659	658
659	33
659	660
659	661
659	662
659	242
659	663
659	243
659	665
659	666
659	667
659	668
659	669
659	670
659	741
659	671
659	457
659	261
659	672
659	673
659	674
659	675
659	262
659	677
446	444
446	634
446	636
446	174
446	639
446	9
446	178
446	994
446	336
163	161
163	509
163	33
163	35
163	174
163	175
163	640
163	183
163	536
163	37
163	191
509	88
509	89
509	163
509	90
509	511
509	512
509	513
509	514
509	515
509	778
509	574
509	99
509	518
509	519
509	103
509	520
509	521
509	524
509	488
509	531
509	108
509	786
509	111
509	114
509	115
509	15
509	533
509	583
509	536
509	537
509	541
509	542
